   0.0000000000000000        0.0000000000000000     
   4.1666666666666666E-003   2.0385550457871396E-002
   1.2500000000000001E-002   5.7067138243649958E-002
   2.0833333333333336E-002   8.9852748600320193E-002
   2.9166666666666667E-002  0.11895213781379585     
   3.7499999999999999E-002  0.14460874815796662     
   4.5833333333333337E-002  0.16710737947825757     
   5.4166666666666669E-002  0.18676558868542201     
   6.2500000000000000E-002  0.20391980531516274     
   7.0833333333333331E-002  0.21890931334482644     
   7.9166666666666663E-002  0.23206024142731652     
   8.7499999999999994E-002  0.24367164517980466     
   9.5833333333333326E-002  0.25400504994641360     
  0.10416666666666667       0.26327805802719340     
  0.11250000000000000       0.27166199479346276     
  0.12083333333333333       0.27928309544919927     
  0.12916666666666665       0.28622643852713259     
  0.13750000000000001       0.29254171115293542     
  0.14583333333333331       0.29824991721610994     
  0.15416666666666667       0.30335027067653719     
  0.16249999999999998       0.30782670525875827     
  0.17083333333333334       0.31165363534949270     
  0.17916666666666664       0.31480078758797386     
  0.18750000000000000       0.31723706798569662     
  0.19583333333333333       0.31893352774867251     
  0.20416666666666666       0.31986554473774942     
  0.21250000000000002       0.32001435546634949     
  0.22083333333333333       0.31936806606123713     
  0.22916666666666669       0.31792225071866842     
  0.23749999999999999       0.31568022176963761     
  0.24583333333333335       0.31265303259562127     
  0.25416666666666665       0.30885925665343889     
  0.26249999999999996       0.30432457392838591     
  0.27083333333333337       0.29908118989326288     
  0.27916666666666667       0.29316711031140819     
  0.28749999999999998       0.28662529645085816     
  0.29583333333333334       0.27950272795783526     
  0.30416666666666670       0.27184940348415043     
  0.31250000000000000       0.26371731122048014     
  0.32083333333333330       0.25515940215879973     
  0.32916666666666666       0.24622859792694193     
  0.33750000000000002       0.23697686241661117     
  0.34583333333333333       0.22745436237966246     
  0.35416666666666663       0.21770873704614255     
  0.36249999999999999       0.20778449103802524     
  0.37083333333333335       0.19772251884097422     
  0.37916666666666665       0.18755976324511539     
  0.38749999999999996       0.17732900480322192     
  0.39583333333333337       0.16705877472877997     
  0.40416666666666667       0.15677337992863438     
  0.41249999999999998       0.14649302611346840     
  0.42083333333333334       0.13623402315837274     
  0.42916666666666670       0.12600905603848792     
  0.43750000000000000       0.11582750463867592     
  0.44583333333333330       0.10569579639836406     
  0.45416666666666666        9.5617776953697595E-002
  0.46250000000000002        8.5595085525406192E-002
  0.47083333333333333        7.5627523624559295E-002
  0.47916666666666663        6.5713407574975000E-002
  0.48749999999999999        5.5849897263772388E-002
  0.49583333333333335        4.6033295334419744E-002
  0.50416666666666665        3.6259312655195004E-002
  0.51249999999999996        2.6523297276804553E-002
  0.52083333333333326        1.6820425202034466E-002
  0.52916666666666667        7.1458521111243808E-003
  0.53749999999999998       -2.5051742825093876E-003
  0.54583333333333339       -1.2137241319231721E-002
  0.55416666666666670       -2.1754737999696221E-002
  0.56250000000000000       -3.1361861415407088E-002
  0.57083333333333330       -4.0962663717040743E-002
  0.57916666666666661       -5.0561140872207477E-002
  0.58750000000000002       -6.0161365065611136E-002
  0.59583333333333333       -6.9767663177817782E-002
  0.60416666666666663       -7.9384844242297803E-002
  0.61250000000000004       -8.9018478996116035E-002
  0.62083333333333335       -9.8675234446900240E-002
  0.62916666666666665      -0.10836326557689906     
  0.63749999999999996      -0.11809266464692246     
  0.64583333333333326      -0.12787596575013049     
  0.65416666666666667      -0.13772869794657805     
  0.66249999999999998      -0.14766997408487992     
  0.67083333333333339      -0.15772309385506875     
  0.67916666666666670      -0.16791612828064748     
  0.68750000000000000      -0.17828243835743332     
  0.69583333333333330      -0.18886106261236907     
  0.70416666666666661      -0.19969688694664917     
  0.71250000000000002      -0.21084048558036736     
  0.72083333333333333      -0.22234749513335342     
  0.72916666666666663      -0.23427735656197737     
  0.73750000000000004      -0.24669123459702702     
  0.74583333333333335      -0.25964890562272636     
  0.75416666666666665      -0.27320439835851745     
  0.76249999999999996      -0.28740018483395580     
  0.77083333333333326      -0.30225976141858291     
  0.77916666666666667      -0.31777854210743406     
  0.78749999999999998      -0.33391312073353507     
  0.79583333333333339      -0.35056915650964948     
  0.80416666666666670      -0.36758840638521534     
  0.81250000000000000      -0.38473576926881486     
  0.82083333333333330      -0.40168761000286007     
  0.82916666666666661      -0.41802306470873835     
  0.83750000000000002      -0.43322043663536414     
  0.84583333333333333      -0.44666108263752208     
  0.85416666666666663      -0.45764323953955860     
  0.86250000000000004      -0.46540789475073729     
  0.87083333333333335      -0.46917791286399801     
  0.87916666666666665      -0.46821008276750187     
  0.88749999999999996      -0.46185756046817228     
  0.89583333333333326      -0.44963756663066168     
  0.90416666666666667      -0.43129663363602222     
  0.91249999999999998      -0.40686390946666773     
  0.92083333333333328      -0.37668283113113404     
  0.92916666666666670      -0.34141348127319188     
  0.93750000000000000      -0.30200215566372590     
  0.94583333333333330      -0.25962029518645940     
  0.95416666666666661      -0.21558051792588975     
  0.96250000000000002      -0.17124144887694828     
  0.97083333333333333      -0.12791374990443269     
  0.97916666666666663       -8.6776247976315418E-002
  0.98750000000000004       -4.8812021204282310E-002
  0.99583333333333335       -1.4787752686921785E-002
   1.0000000000000000        0.0000000000000000     
